2264.110936396058
[-2.94288233e-03  1.01087959e-03 -3.91096180e-05 -6.54951029e-03
  3.43894639e-04 -3.27975958e-03  6.93389676e-04  5.96778415e-03
 -2.64828385e-03 -4.09297667e-03]

628.0289719218496
[-3.61019632e-03  9.99327686e-05  3.64067638e-03  8.91702488e-04
  4.22716534e-04 -5.16022184e-03  8.10115666e-04 -2.51911421e-03
 -1.58068976e-03  2.55788736e-03]

427.85992390808093
[-0.0004478   0.00696041  0.00719467  0.00290051  0.00576523 -0.00024141
  0.0007074   0.00339711 -0.00079547  0.00632506]

395.6631210915102
[-0.0019672   0.00413214  0.00436205 -0.00132177  0.00354183 -0.00070101
  0.00628235 -0.00524481 -0.00309539  0.0067101 ]

366.8890798420632
[-2.00127437e-04  4.11373189e-03  4.36870601e-03  1.77615266e-03
  3.04531001e-03 -4.39187945e-05  3.67344396e-04  1.61533000e-03
 -7.82253813e-04  3.45303250e-03]

360.25191208045385
[-0.00216289 -0.00141355 -0.00066159  0.00295     0.00084017 -0.00028049
 -0.00170614  0.00431161  0.00309311  0.00115656]

304.78206781542343
[-2.00127437e-04  4.11373189e-03  4.36870601e-03  1.77615266e-03
  3.04531001e-03 -4.39187945e-05  3.67344396e-04  1.61533000e-03
 -7.82253813e-04  3.45303250e-03]

287.844714365007
[-0.00056835  0.00977322  0.01083875  0.00463811  0.00783516 -0.00041698
  0.00076739  0.00397283 -0.00158963  0.00759386]

282.30976812876924
[-0.00063908  0.00226822  0.00345482  0.00137116  0.00140671  0.00038499
  0.00047056  0.00115225  0.00342346  0.00205771]

277.7134370146006
[-2.08263395e-04  3.05193121e-03  5.49176311e-03  2.16842689e-03
  5.17950182e-03 -2.59938538e-04 -3.88886332e-04  1.58244427e-03
  1.32458055e-03  6.75389032e-05]

